0	-102
1	-104
2	-129
3	-111
4	-106
5	-101
6	-146
7	-100
8	-146
9	-100
10	-106
11	-101
12	-141
13	-117
14	-136
15	-152
16	-202
17	-132
18	-127
19	-102
20	-171
21	-118
22	-113
23	-172
24	-107
25	-148
26	-73
27	-18
28	-134
29	-27
30	-50
31	-132
32	-32
33	-51
34	-42
35	-41
36	-70
37	-149
38	-174
39	-177
40	-37
41	-21
42	-27
43	-133
44	-28
45	-33
46	-19
47	-12
48	-22
49	-12
50	-10
51	-4
52	-10
53	-10
54	-6
55	-16
56	-14
57	-14
58	-17
59	-6
60	-9
61	-14
62	-8
63	-170
64	-90
65	-131
66	-18
67	-16
68	-19
69	-25
70	-38
71	-16
72	-8
73	-10
74	-8
75	-12
76	-8
77	-6
78	-14
79	-8
80	-14
81	-10
82	-6
83	-14
84	-8
85	-100
86	-8
87	-6
88	-14
89	-8
90	-10
91	-6
92	-10
93	-10
94	-10
95	-8
96	-6
97	-8
98	-12
99	-10
100	-8
101	-10
102	-6
103	-8
104	-8
105	-8
106	-4
107	-10
108	-4
109	-8
110	-4
111	-12
112	-4
113	-6
114	-4
115	-10
116	-4
117	-4
118	-6
119	-4
120	-10
121	-4
122	-10
123	-4
124	-4
125	-10
126	-4
127	-8
128	-4
129	-4
130	-8
131	-4
132	-6
133	-4
134	-4
135	-12
136	-6
137	-4
138	-4
139	-6
140	-4
141	-10
142	-4
143	-4
144	-8
145	-4
146	-4
147	-10
148	-4
149	-8
150	-4
151	-4
152	-10
153	-4
154	-4
155	-8
156	-4
157	-4
158	-10
159	-4
160	-4
161	-8
162	-4
163	-4
164	-8
165	-4
166	-4
167	-12
168	-6
169	-6
170	-10
171	-6
172	-6
173	-8
174	-6
175	-6
176	-8
177	-12
178	-8
179	-6
180	-6
181	-12
182	-6
183	-8
184	-6
185	-12
186	-8
187	-6
188	-8
189	-8
190	-8
191	-4
192	-6
193	-6
194	-12
195	-4
196	-12
197	-6
198	-4
199	-6
200	-10
201	-4
202	-4
203	-6
204	-20
205	-6
206	-4
207	-6
208	-6
209	-14
210	-8
211	-4
212	-8
213	-6
214	-6
215	-4
216	-6
217	-6
218	-12
219	-6
220	-4
221	-4
222	-12
223	-12
224	-4
225	-4
226	-6
227	-6
228	-12
229	-6
230	-4
231	-4
232	-8
233	-6
234	-14
235	-4
236	-4
237	-6
238	-6
239	-10
240	-4
241	-6
242	-4
243	-4
244	-8
245	-6
246	-10
247	-4
248	-4
249	-4
250	-8
251	-4
252	-16
253	-4
254	-4
255	-4
256	-6
257	-4
258	-4
259	-12
260	-6
261	-4
262	-6
263	-4
264	-4
265	-4
266	-4
267	-10
268	-4
269	-4
270	-4
271	-8
272	-4
273	-4
274	-4
275	-4
276	-4
277	-6
278	-4
279	-4
280	-4
281	-4
282	-4
283	-4
284	-4
285	-14
286	-4
287	-4
288	-4
289	-4
290	-4
291	-6
292	-4
293	-4
294	-4
295	-4
296	-4
297	-4
298	-4
299	-4
300	-4
301	-4
302	-4
303	-4
304	-4
305	-4
306	-4
307	-4
308	-4
309	-4
310	-4
311	-4
312	-4
313	-4
314	-4
315	-4
316	-4
317	-4
318	-4
319	-4
320	-4
321	-4
322	-4
323	-4
324	-4
325	-4
326	-4
327	-4
328	-4
329	-4
330	-4
331	-4
332	-4
333	-4
334	-4
335	-4
336	-4
337	-4
338	-4
339	-4
340	-4
341	-4
342	-4
343	-4
344	-4
345	-4
346	-4
347	-4
348	-4
349	-4
350	-4
351	-4
352	-4
353	-4
354	-4
355	-4
356	-4
357	-4
358	-4
359	-4
360	-4
361	-4
362	-4
363	-4
364	-4
365	-4
366	-4
367	-4
368	-4
369	-4
370	-4
371	-4
372	-4
373	-4
374	-4
375	-4
376	-4
377	-4
378	-4
379	-4
380	-4
381	-4
382	-4
383	-4
384	-4
385	-4
386	-4
387	-4
388	-4
389	-4
390	-4
391	-4
392	-4
393	-4
394	-4
395	-4
396	-4
397	-4
398	-4
399	-4
400	-4
401	-4
402	-4
403	-4
404	-4
405	-4
406	-4
407	-4
408	-4
409	-4
410	-4
411	-4
412	-4
413	-4
414	-4
415	-4
416	-4
417	-4
418	-4
419	-4
420	-4
421	-4
422	-4
423	-4
424	-4
425	-4
426	-4
427	-4
428	-4
429	-4
430	-4
431	-4
432	-4
433	-4
434	-4
435	-4
436	-4
437	-4
438	-4
439	-4
440	-4
441	-4
442	-4
443	-4
444	-4
445	-4
446	-4
447	-4
448	-4
449	-4
450	-4
451	-4
452	-4
453	-4
454	-4
455	-4
456	-4
457	-4
458	-4
459	-4
460	-4
461	-4
462	-4
463	-4
464	-4
465	-4
466	-4
467	-4
468	-4
469	-4
470	-4
471	-4
472	-4
473	-4
474	-4
475	-4
476	-4
477	-4
478	-4
479	-4
480	-4
481	-4
482	-4
483	-4
484	-4
485	-4
486	-4
487	-4
488	-4
489	-4
490	-4
491	-4
492	-4
493	-4
494	-4
495	-4
496	-4
497	-4
498	-4
499	-4
500	-4
501	-4
502	-4
503	-4
504	-4
505	-4
506	-4
507	-4
508	-4
509	-4
510	-4
511	-4
512	-4
513	-4
514	-4
515	-4
516	-4
517	-4
518	-4
519	-4
520	-4
521	-4
522	-4
523	-4
524	-4
525	-4
526	-4
527	-4
528	-4
529	-4
530	-4
531	-4
532	-4
533	-4
534	-4
535	-4
536	-4
537	-4
538	-4
539	-4
540	-4
541	-4
542	-4
543	-4
544	-4
545	-4
546	-4
547	-4
548	-4
549	-4
550	-4
551	-4
552	-4
553	-4
554	-4
555	-4
556	-4
557	-4
558	-4
559	-4
560	-4
561	-4
562	-4
563	-4
564	-4
565	-4
566	-4
567	-4
568	-4
569	-4
570	-4
571	-4
572	-4
573	-4
574	-4
575	-4
576	-4
577	-4
578	-4
579	-4
580	-4
581	-4
582	-4
583	-4
584	-4
585	-4
586	-4
587	-4
588	-4
589	-4
590	-4
591	-4
592	-4
593	-4
594	-4
595	-4
596	-4
597	-4
598	-4
599	-4
600	-4
601	-4
602	-4
603	-4
604	-4
605	-4
606	-4
607	-4
608	-4
609	-4
610	-4
611	-4
612	-4
613	-4
614	-4
615	-4
616	-4
617	-4
618	-4
619	-4
620	-4
621	-4
622	-4
623	-4
624	-4
625	-4
626	-4
627	-4
628	-4
629	-4
630	-4
631	-4
632	-4
633	-4
634	-4
635	-4
636	-4
637	-4
638	-4
639	-4
640	-4
641	-4
642	-4
643	-4
644	-4
645	-4
646	-4
647	-4
648	-4
649	-4
650	-4
651	-4
652	-4
653	-4
654	-4
655	-4
656	-4
657	-4
658	-4
659	-4
660	-4
661	-4
662	-4
663	-4
664	-4
665	-4
666	-4
667	-4
668	-4
669	-4
670	-4
671	-4
672	-4
673	-4
674	-4
675	-4
676	-4
677	-4
678	-4
679	-4
680	-4
681	-4
682	-4
683	-4
684	-4
685	-4
686	-4
687	-4
688	-4
689	-4
690	-4
691	-4
692	-4
693	-4
694	-4
695	-4
696	-4
697	-4
698	-4
699	-4
700	-4
701	-4
702	-4
703	-4
704	-4
705	-4
706	-4
707	-4
708	-4
709	-4
710	-4
711	-4
712	-4
713	-4
714	-4
715	-4
716	-4
717	-4
718	-4
719	-4
720	-4
721	-4
722	-4
723	-4
724	-4
725	-4
726	-4
727	-4
728	-4
729	-4
730	-4
731	-4
732	-4
733	-4
734	-4
735	-4
736	-4
737	-4
738	-4
739	-4
740	-4
741	-4
742	-4
743	-4
744	-4
745	-4
746	-4
747	-4
748	-4
749	-4
750	-4
751	-4
752	-4
753	-4
754	-4
755	-4
756	-4
757	-4
758	-4
759	-4
760	-4
761	-4
762	-4
763	-4
764	-4
765	-4
766	-4
767	-4
768	-4
769	-4
770	-4
771	-4
772	-4
773	-4
774	-4
775	-4
776	-4
777	-4
778	-4
779	-4
780	-4
781	-4
782	-4
783	-4
784	-4
785	-4
786	-4
787	-4
788	-4
789	-4
790	-4
791	-4
792	-4
793	-4
794	-4
795	-4
796	-4
797	-4
798	-4
799	-4
800	-4
801	-4
802	-4
803	-4
804	-4
805	-4
806	-4
807	-4
808	-4
809	-4
810	-4
811	-4
812	-4
813	-4
814	-4
815	-4
816	-4
817	-4
818	-4
819	-4
820	-4
821	-4
822	-4
823	-4
824	-4
825	-4
826	-4
827	-4
828	-4
829	-4
830	-4
831	-4
832	-4
833	-4
834	-4
835	-4
836	-4
837	-4
838	-4
839	-4
840	-4
841	-4
842	-4
843	-4
844	-4
845	-4
846	-4
847	-4
848	-4
849	-4
850	-4
851	-4
852	-4
853	-4
854	-4
855	-4
856	-4
857	-4
858	-4
859	-4
860	-4
861	-4
862	-4
863	-4
864	-4
865	-4
866	-4
867	-4
868	-4
869	-4
870	-4
871	-4
872	-4
873	-4
874	-4
875	-4
876	-4
877	-4
878	-4
879	-4
880	-4
881	-4
882	-4
883	-4
884	-4
885	-4
886	-4
887	-4
888	-4
889	-4
890	-4
891	-4
892	-4
893	-4
894	-4
895	-4
896	-4
897	-4
898	-4
899	-4
900	-4
901	-4
902	-4
903	-4
904	-4
905	-4
906	-4
907	-4
908	-4
909	-4
910	-4
911	-4
912	-4
913	-4
914	-4
915	-4
916	-4
917	-4
918	-4
919	-4
920	-4
921	-4
922	-4
923	-4
924	-4
925	-4
926	-4
927	-4
928	-4
929	-4
930	-4
931	-4
932	-4
933	-4
934	-4
935	-4
936	-4
937	-4
938	-4
939	-4
940	-4
941	-4
942	-4
943	-4
944	-4
945	-4
946	-4
947	-4
948	-4
949	-4
950	-4
951	-4
952	-4
953	-4
954	-4
955	-4
956	-4
957	-4
958	-4
959	-4
960	-4
961	-4
962	-4
963	-4
964	-4
965	-4
966	-4
967	-4
968	-4
969	-4
970	-4
971	-4
972	-4
973	-4
974	-4
975	-4
976	-4
977	-4
978	-4
979	-4
980	-4
981	-4
982	-4
983	-4
984	-4
985	-4
986	-4
987	-4
988	-4
989	-4
990	-4
991	-4
992	-4
993	-4
994	-4
995	-4
996	-4
997	-4
998	-4
999	-4
